Mac OS; Clang version 6.1.0 (clang-602.0.53); Boost_105800; UHD_003.009.git-0-51bc00ee

0 0.0486561389106
1 0.0486620909623
2 0.0486799482148
3 0.0487097139268
4 0.0487513935645
5 0.0488049948037
6 0.0488705275785
7 0.0489480041192
8 0.0490374390043
9 0.0491388492255
10 0.0492522542609
11 0.0493776761545
12 0.0495151396047
13 0.0496646720673
14 0.0498263038597
15 0.0500000682758
16 0.0501860017142
17 0.0503841438043
18 0.0505945375512
19 0.0508172294742
20 0.0510522697747
21 0.0512997124851
22 0.05155961564
23 0.0518320414582
24 0.0521170565176
25 0.0524147319386
26 0.0527251436021
27 0.0530483723145
28 0.0533845040598
29 0.0537336301653
30 0.0540958475748
31 0.0544712590201
32 0.0548599733132
33 0.0552621055327
34 0.0556777773196
35 0.0561071170919
36 0.0565502603353
37 0.0570073498656
38 0.0574785361045
39 0.0579639773586
40 0.0584638401527
41 0.0589782994682
42 0.0595075391488
43 0.0600517521227
44 0.0606111408541
45 0.0611859175747
46 0.0617763047667
47 0.0623825354152
48 0.0630048535204
49 0.0636435143883
50 0.0642987851582
51 0.0649709451429
52 0.0656602863787
53 0.0663671140135
54 0.0670917468833
55 0.0678345179679
56 0.0685957749891
57 0.0693758809185
58 0.0701752146313
59 0.0709941714903
60 0.0718331640039
61 0.0726926225323
62 0.0735729959709
63 0.0744747525468
64 0.07539838056
65 0.0763443892807
66 0.0773133097555
67 0.0783056958035
68 0.0793221249182
69 0.0803631993645
70 0.0814295471826
71 0.0825218234075
72 0.0836407111967
73 0.0847869231667
74 0.0859612026878
75 0.0871643253336
76 0.0883971003608
77 0.0896603723163
78 0.0909550227013
79 0.0922819717679
80 0.0936421803876
81 0.095036652078
82 0.0964664350871
83 0.0979326246961
84 0.0994363655454
85 0.10097885426
86 0.102561342039
87 0.104185137664
88 0.105851610403
89 0.107562193412
90 0.10931838707
91 0.111121762791
92 0.112973966853
93 0.114876724712
94 0.116831845382
95 0.118841226345
96 0.120906858567
97 0.123030832104
98 0.125215341859
99 0.127462693992
100 0.129775312554
101 0.132155746847
102 0.134606679074
103 0.137130932804
104 0.139731481865
105 0.142411460052
106 0.145174171525
107 0.148023102005
108 0.150961930915
109 0.15399454437
110 0.157125049383
111 0.160357789018
112 0.163697359026
113 0.167148625642
114 0.170716745089
115 0.174407184578
116 0.178225745292
117 0.182178587221
118 0.18627225637
119 0.190513714304
120 0.194910370441
121 0.199470117338
122 0.204201369282
123 0.20911310458
124 0.214214911875
125 0.219517041143
126 0.225030459521
127 0.230766913139
128 0.236738994857
129 0.242960219493
130 0.24944510662
131 0.256209272647
132 0.263269532556
133 0.270644013382
134 0.27835228005
135 0.286415476188
136 0.294856480816
137 0.303700084374
138 0.312973185365
139 0.322705011962
140 0.332927370915
141 0.343674928886
142 0.354985530136
143 0.36690055699
144 0.379465339122
145 0.392729619897
146 0.406748089002
147 0.421580992244
148 0.437294832168
149 0.453963174921
150 0.471667582763
151 0.490498695133
152 0.510557486379
153 0.531956734169
154 0.554822740587
155 0.57929735724
156 0.605540378396
157 0.633732381253
158 0.664078113279
159 0.696810551493
160 0.732195793322
161 0.770538982043
162 0.812191528921
163 0.857559971963
164 0.907116916353
165 0.961414645093
166 1.02110218448
167 1.08694688401
168 1.15986195478
169 1.24094196319
170 1.33150907381
171 1.43317401299
172 1.54791748588
173 1.67820047258
174 1.82711602706
175 1.99860190716
176 2.19774434783
177 2.43122181897
178 2.70796990434
179 3.04020686672
180 3.44506979272
181 3.94733015001
182 4.5841181916
183 5.41362470212
184 6.53230067354
185 8.11204708447
186 10.490739751
187 14.4320143737
188 22.0810981214
189 42.4239331505
190 247.560169523
191 547.316199642
192 472.988425662
193 519.427492946
194 484.419940901
195 513.327169417
196 488.090393554
197 510.995680637
198 489.577965068
199 510.104190361
200 489.999076497
201 510.099838936
202 489.586673399
203 510.982606388
204 488.107850234
205 513.305312169
206 484.446226462
207 519.39675158
208 473.023662163
209 547.276430795
210 247.604523257
211 42.4729347933
212 22.1348105372
213 14.4905071497
214 10.5540891385
215 8.18033634068
216 6.60562037784
217 5.49207308388
218 4.66780148176
219 4.03636296288
220 3.53957554123
221 3.14031821468
222 2.81382925897
223 2.54298186693
224 2.31556863893
225 2.12266548951
226 1.9576061389
227 1.81531729561
228 1.69187496644
229 1.58420075751
230 1.48984932642
231 1.40685667376
232 1.33362994746
233 1.26886613696
234 1.21149123377
235 1.16061412654
236 1.11549126215
237 1.07549928013
238 1.04011362733
239 1.00889171104
240 0.981459534996
241 0.957501037787
242 0.936749549773
243 0.918980929565
244 0.904008046312
245 0.891676354399
246 0.881860365746
247 0.874460872729
248 0.86940280834
249 0.86663366134
250 0.866122384641
251 0.86785875765
252 0.871853177541
253 0.878136873202
254 0.886762548056
255 0.897805476624
256 0.911365094104
257 0.927567140558
258 0.946566442017
259 0.968550441737
260 0.993743628535
261 1.02241305724
262 1.05487521415
263 1.09150456194
264 1.13274420225
265 1.17911924067
266 1.23125363368
267 1.28989157438
268 1.3559248575
269 1.43042821816
270 1.51470543588
271 1.61035017351
272 1.71932728213
273 1.844082996
274 1.98769664022
275 2.15409317795
276 2.34834690875
277 2.57712515833
278 2.84935309545
279 3.17723924066
280 3.57791155955
281 4.07613297275
282 4.70902571704
283 5.53477305182
284 6.64981889805
285 8.22605758311
286 10.6013586586
287 14.5393519127
288 22.1852589107
289 42.5250164328
290 247.658269597
291 547.22099961
292 473.080805138
293 519.337848193
294 484.506923034
295 513.242770515
296 488.17227384
297 510.916245327
298 489.65501321
299 510.029460875
300 490.071538927
301 510.029579625
302 489.654775502
303 510.916601633
304 488.171798315
305 513.243364539
306 484.506209469
307 519.338680211
308 473.079853195
309 547.222070023
310 247.657078367
311 42.5237002155
312 22.1838158875
313 14.5377800307
314 10.5996557421
315 8.22422130063
316 6.64784674918
317 5.53266236137
318 4.70677363152
319 4.07373645865
320 3.57536740223
321 3.17454404414
322 2.84650328291
323 2.57411697348
324 2.3451764181
325 2.1507562739
326 1.9841890455
327 1.84040026902
328 1.71546482379
329 1.60630323531
330 1.51046912952
331 1.42599752662
332 1.35129464783
333 1.28505661196
334 1.22620859837
335 1.17385874433
336 1.1272628082
337 1.08579680556
338 1.04893562543
339 1.01623618407
340 0.987324061667
341 0.96188284013
342 0.93964555928
343 0.920387851372
344 0.903922420958
345 0.890094616018
346 0.878778896193
347 0.869876050442
348 0.863311051602
349 0.859031464791
350 0.85700634889
351 0.857225611021
352 0.859699790064
353 0.864460262122
354 0.871559875257
355 0.881074037547
356 0.89310229883
357 0.907770486952
358 0.925233481802
359 0.945678739731
360 0.969330715995
361 0.99645637981
362 1.02737207542
363 1.06245206318
364 1.1021391794
365 1.146958199
366 1.19753268132
367 1.25460635495
368 1.31907048282
369 1.39199920132
370 1.47469562536
371 1.5687526885
372 1.67613444947
373 1.79928628893
374 1.94128661896
375 2.10605943233
376 2.29867800266
377 2.52580857606
378 2.79637518977
379 3.12258518244
380 3.52156528884
381 4.01807715124
382 4.64924168179
383 5.47324077073
384 6.58651692775
385 8.1609630319
386 10.5344471601
387 14.4705976272
388 22.1146346048
389 42.4524938097
390 247.583818258
391 547.297382053
392 473.002476203
393 519.418186836
394 484.424550529
395 513.32724335
396 488.085672112
397 511.005045992
398 489.563980345
399 510.122799978
400 489.975855245
401 510.127686385
402 489.554201808
403 511.019725742
404 488.066073912
405 513.351778276
406 484.395049915
407 519.452680833
408 472.962947779
409 547.341982387
410 247.534091017
411 42.397573086
412 22.0544551443
413 14.4050872197
414 10.4635267626
415 8.08454641533
416 6.50451036051
417 5.38554269586
418 4.55574237231
419 3.91865833729
420 3.41609975264
421 3.0109363177
422 2.67839652244
423 2.40134324289
424 2.16755818395
425 1.96810573448
426 1.79630740246
427 1.6470769361
428 1.51647656641
429 1.4014132341
430 1.29942596006
431 1.20853404668
432 1.12712678229
433 1.05388202437
434 0.987705236792
435 0.927683247144
436 0.873048754044
437 0.823152789084
438 0.777443137989
439 0.735447275725
440 0.696758756961
441 0.661026276518
442 0.627944811764
443 0.597248401674
444 0.568704222644
445 0.542107699188
446 0.517278446048
447 0.494056882751
448 0.472301395084
449 0.451885944055
450 0.432698043021
451 0.414637039027
452 0.397612647095
453 0.38154369537
454 0.366357047309
455 0.351986672633
456 0.338372844213
457 0.325461441776
458 0.313203346501
459 0.301553913399
460 0.290472510478
461 0.279922115145
462 0.269868960473
463 0.260282224133
464 0.251133755055
465 0.242397832283
466 0.234050952835
467 0.226071644045
468 0.218440298503
469 0.211139027928
470 0.204151534673
471 0.197462998106
472 0.191059974835
473 0.184930310604
474 0.1790630631
475 0.173448433788
476 0.168077708265
477 0.162943203239
478 0.158038219845
479 0.153357001462
480 0.148894695417
481 0.144647317088
482 0.140611715277
483 0.136785537473
484 0.133167193634
485 0.129755816955
486 0.126551220146
487 0.123553845785
488 0.120764709259
489 0.118185333248
490 0.11581767284
491 0.113664031017
492 0.111726964722
493 0.11000918281
494 0.10851343762
495 0.107242413408
496 0.106198615136
497 0.10538426246
498 0.104801193551
499 0.104450783918
500 0.104333884678
501 0.104450783918
502 0.104801193551
503 0.105384262461
504 0.106198615136
505 0.107242413408
506 0.10851343762
507 0.110009182811
508 0.111726964722
509 0.113664031017
510 0.11581767284
511 0.118185333248
512 0.120764709259
513 0.123553845785
514 0.126551220146
515 0.129755816955
516 0.133167193634
517 0.136785537473
518 0.140611715277
519 0.144647317088
520 0.148894695417
521 0.153357001462
522 0.158038219845
523 0.162943203239
524 0.168077708265
525 0.173448433788
526 0.1790630631
527 0.184930310604
528 0.191059974835
529 0.197462998106
530 0.204151534673
531 0.211139027928
532 0.218440298503
533 0.226071644046
534 0.234050952835
535 0.242397832283
536 0.251133755054
537 0.260282224134
538 0.269868960473
539 0.279922115145
540 0.290472510478
541 0.301553913399
542 0.313203346501
543 0.325461441777
544 0.338372844213
545 0.351986672634
546 0.366357047309
547 0.381543695371
548 0.397612647095
549 0.414637039028
550 0.432698043021
551 0.451885944055
552 0.472301395084
553 0.494056882752
554 0.517278446048
555 0.542107699188
556 0.568704222644
557 0.597248401674
558 0.627944811764
559 0.661026276518
560 0.69675875696
561 0.735447275725
562 0.777443137989
563 0.823152789085
564 0.873048754044
565 0.927683247144
566 0.987705236792
567 1.05388202437
568 1.12712678229
569 1.20853404668
570 1.29942596006
571 1.4014132341
572 1.51647656641
573 1.6470769361
574 1.79630740246
575 1.96810573448
576 2.16755818395
577 2.40134324289
578 2.67839652244
579 3.0109363177
580 3.41609975264
581 3.91865833729
582 4.55574237231
583 5.38554269586
584 6.50451036051
585 8.08454641533
586 10.4635267626
587 14.4050872197
588 22.0544551443
589 42.397573086
590 247.534091017
591 547.341982387
592 472.962947779
593 519.452680833
594 484.395049915
595 513.351778276
596 488.066073912
597 511.019725742
598 489.554201808
599 510.127686385
600 489.975855245
601 510.122799978
602 489.563980345
603 511.005045992
604 488.085672112
605 513.32724335
606 484.424550529
607 519.418186836
608 473.002476203
609 547.297382053
610 247.583818258
611 42.4524938097
612 22.1146346048
613 14.4705976272
614 10.5344471601
615 8.1609630319
616 6.58651692775
617 5.47324077073
618 4.64924168179
619 4.01807715124
620 3.52156528884
621 3.12258518244
622 2.79637518977
623 2.52580857606
624 2.29867800266
625 2.10605943233
626 1.94128661896
627 1.79928628893
628 1.67613444947
629 1.5687526885
630 1.47469562536
631 1.39199920132
632 1.31907048282
633 1.25460635495
634 1.19753268132
635 1.146958199
636 1.1021391794
637 1.06245206318
638 1.02737207542
639 0.996456379809
640 0.969330715995
641 0.945678739731
642 0.925233481802
643 0.907770486952
644 0.89310229883
645 0.881074037547
646 0.871559875257
647 0.864460262123
648 0.859699790064
649 0.857225611021
650 0.85700634889
651 0.859031464792
652 0.863311051602
653 0.869876050443
654 0.878778896193
655 0.890094616019
656 0.903922420958
657 0.920387851372
658 0.93964555928
659 0.961882840131
660 0.987324061667
661 1.01623618407
662 1.04893562543
663 1.08579680556
664 1.1272628082
665 1.17385874433
666 1.22620859837
667 1.28505661196
668 1.35129464783
669 1.42599752662
670 1.51046912952
671 1.60630323531
672 1.71546482379
673 1.84040026902
674 1.9841890455
675 2.1507562739
676 2.3451764181
677 2.57411697348
678 2.84650328291
679 3.17454404414
680 3.57536740223
681 4.07373645865
682 4.70677363152
683 5.53266236137
684 6.64784674918
685 8.22422130063
686 10.5996557421
687 14.5377800307
688 22.1838158875
689 42.5237002155
690 247.657078367
691 547.222070023
692 473.079853195
693 519.338680211
694 484.506209469
695 513.243364539
696 488.171798315
697 510.916601633
698 489.654775502
699 510.029579625
700 490.071538927
701 510.029460875
702 489.65501321
703 510.916245327
704 488.17227384
705 513.242770515
706 484.506923034
707 519.337848193
708 473.080805138
709 547.22099961
710 247.658269597
711 42.5250164328
712 22.1852589107
713 14.5393519127
714 10.6013586586
715 8.22605758311
716 6.64981889805
717 5.53477305182
718 4.70902571704
719 4.07613297275
720 3.57791155955
721 3.17723924066
722 2.84935309545
723 2.57712515833
724 2.34834690875
725 2.15409317795
726 1.98769664022
727 1.844082996
728 1.71932728213
729 1.61035017351
730 1.51470543588
731 1.43042821816
732 1.3559248575
733 1.28989157438
734 1.23125363368
735 1.17911924066
736 1.13274420225
737 1.09150456193
738 1.05487521415
739 1.02241305724
740 0.993743628535
741 0.968550441737
742 0.946566442017
743 0.927567140558
744 0.911365094104
745 0.897805476624
746 0.886762548056
747 0.878136873202
748 0.871853177541
749 0.86785875765
750 0.866122384641
751 0.86663366134
752 0.86940280834
753 0.874460872729
754 0.881860365746
755 0.891676354399
756 0.904008046312
757 0.918980929565
758 0.936749549773
759 0.957501037787
760 0.981459534996
761 1.00889171104
762 1.04011362733
763 1.07549928013
764 1.11549126215
765 1.16061412654
766 1.21149123377
767 1.26886613696
768 1.33362994746
769 1.40685667376
770 1.48984932642
771 1.58420075751
772 1.69187496644
773 1.81531729561
774 1.9576061389
775 2.12266548951
776 2.31556863893
777 2.54298186693
778 2.81382925897
779 3.14031821468
780 3.53957554123
781 4.03636296288
782 4.66780148176
783 5.49207308388
784 6.60562037784
785 8.18033634068
786 10.5540891385
787 14.4905071497
788 22.1348105372
789 42.4729347933
790 247.604523257
791 547.276430795
792 473.023662163
793 519.39675158
794 484.446226462
795 513.305312169
796 488.107850234
797 510.982606388
798 489.586673399
799 510.099838936
800 489.999076497
801 510.104190361
802 489.577965068
803 510.995680637
804 488.090393554
805 513.327169417
806 484.419940901
807 519.427492946
808 472.988425662
809 547.316199642
810 247.560169523
811 42.4239331504
812 22.0810981214
813 14.4320143737
814 10.490739751
815 8.11204708447
816 6.53230067354
817 5.41362470212
818 4.5841181916
819 3.94733015001
820 3.44506979272
821 3.04020686672
822 2.70796990435
823 2.43122181897
824 2.19774434783
825 1.99860190716
826 1.82711602706
827 1.67820047258
828 1.54791748588
829 1.43317401299
830 1.33150907381
831 1.24094196319
832 1.15986195478
833 1.08694688401
834 1.02110218448
835 0.961414645093
836 0.907116916353
837 0.857559971962
838 0.812191528921
839 0.770538982042
840 0.732195793322
841 0.696810551493
842 0.664078113279
843 0.633732381253
844 0.605540378396
845 0.579297357239
846 0.554822740587
847 0.531956734169
848 0.510557486379
849 0.490498695133
850 0.471667582763
851 0.453963174921
852 0.437294832168
853 0.421580992244
854 0.406748089002
855 0.392729619897
856 0.379465339122
857 0.366900556989
858 0.354985530136
859 0.343674928885
860 0.332927370915
861 0.322705011961
862 0.312973185365
863 0.303700084374
864 0.294856480816
865 0.286415476188
866 0.278352280051
867 0.270644013381
868 0.263269532556
869 0.256209272647
870 0.24944510662
871 0.242960219493
872 0.236738994858
873 0.230766913139
874 0.225030459522
875 0.219517041142
876 0.214214911875
877 0.20911310458
878 0.204201369282
879 0.199470117338
880 0.194910370441
881 0.190513714303
882 0.18627225637
883 0.182178587221
884 0.178225745292
885 0.174407184578
886 0.170716745089
887 0.167148625641
888 0.163697359026
889 0.160357789018
890 0.157125049384
891 0.15399454437
892 0.150961930915
893 0.148023102005
894 0.145174171526
895 0.142411460051
896 0.139731481865
897 0.137130932803
898 0.134606679075
899 0.132155746846
900 0.129775312554
901 0.127462693991
902 0.125215341859
903 0.123030832104
904 0.120906858567
905 0.118841226344
906 0.116831845383
907 0.114876724711
908 0.112973966853
909 0.111121762791
910 0.10931838707
911 0.107562193411
912 0.105851610404
913 0.104185137663
914 0.10256134204
915 0.100978854259
916 0.0994363655456
917 0.0979326246958
918 0.0964664350873
919 0.0950366520777
920 0.0936421803878
921 0.0922819717676
922 0.0909550227016
923 0.089660372316
924 0.088397100361
925 0.0871643253334
926 0.085961202688
927 0.0847869231665
928 0.0836407111968
929 0.0825218234072
930 0.0814295471827
931 0.0803631993645
932 0.0793221249183
933 0.0783056958034
934 0.0773133097556
935 0.0763443892805
936 0.0753983805601
937 0.0744747525467
938 0.0735729959709
939 0.0726926225322
940 0.0718331640039
941 0.0709941714902
942 0.0701752146314
943 0.0693758809184
944 0.0685957749891
945 0.0678345179678
946 0.0670917468834
947 0.0663671140133
948 0.0656602863787
949 0.0649709451428
950 0.0642987851583
951 0.0636435143883
952 0.0630048535204
953 0.0623825354151
954 0.0617763047667
955 0.0611859175747
956 0.0606111408541
957 0.0600517521226
958 0.0595075391487
959 0.0589782994682
960 0.0584638401527
961 0.0579639773586
962 0.0574785361045
963 0.0570073498657
964 0.0565502603353
965 0.0561071170919
966 0.0556777773195
967 0.0552621055327
968 0.0548599733131
969 0.0544712590201
970 0.0540958475748
971 0.0537336301653
972 0.0533845040598
973 0.0530483723144
974 0.0527251436021
975 0.0524147319385
976 0.0521170565177
977 0.051832041458
978 0.0515596156401
979 0.051299712485
980 0.0510522697747
981 0.0508172294742
982 0.0505945375512
983 0.0503841438042
984 0.0501860017143
985 0.0500000682757
986 0.0498263038598
987 0.0496646720672
988 0.0495151396048
989 0.0493776761544
990 0.0492522542609
991 0.0491388492252
992 0.0490374390044
993 0.0489480041192
994 0.0488705275785
995 0.0488049948036
996 0.0487513935645
997 0.0487097139267
998 0.0486799482147
999 0.0486620909623
